58,3
58,2
58,1
58,0
56,6
56,5
56,4
56,3
56,2
56,1
56,0
38,3
38,2
38,1
38,0
31,3
31,2
31,1
31,0
23,6
23,5
23,4
23,3
23,2
23,1
23,0
21,3
21,2
21,1
21,0
19,4
19,3
19,2
19,1
19,0
16,4
16,3
16,2
16,1
16,0
5,9
5,8
5,7
5,6
5,5
5,4
5,3
5,2
5,1
5,0
4,3
4,1
4,0
2,27
2,26
2,25
2,24
2,23
2,22
2,21
2,20
2,19
2,18
2,17
2,16
2,15
2,14
2,13
2,12
2,10
2,9
2,8
2,7
2,6
2,5
2,4
2,2
0,445
165,1
0,410
165,3
0,393
0,390
0,378
165,0
0,375
281,1
0,363
281,3
0,361
0,402
0,322
281,0
0,318
164,1
0,317
164,3
0,316
0,383
0,315
0,309
0,441
0,243
164,0
1,1
1,3
1,0
2,1
2,11
2,3
2,0
0,9
0,310
0,305
0,437
0,403
0,308
0,304
0,303
0,302
0,307
0,365
0,12
0,395
0,10
0,8
0,0
0,439
0,300
0,438
0,299
0,298
0,436
0,297
0,435
0,296
0,349
0,295
0,362
0,294
0,432
0,293
0,424
0,292
0,354
0,291
0,429
0,290
0,289
0,427
0,288
0,426
0,287
0,425
0,286
0,434
0,285
0,423
0,284
0,421
0,283
0,416
0,282
0,407
0,281
0,348
0,280
0,345
0,279
0,415
0,278
0,405
0,277
58,4
58,5
59,0
59,1
59,3
59,4
60,0
60,2
60,3
60,5
65,0
65,2
65,4
65,5
67,1
67,2
67,4
67,5
68,0
68,2
68,3
68,5
69,0
69,2
69,4
69,5
70,1
70,2
70,4
70,5
71,1
71,3
71,4
74,0
74,1
74,3
74,5
74,6
79,0
79,1
79,3
79,4
81,0
81,2
81,3
81,5
81,6
84,1
84,3
84,4
84,6
84,7
90,1
90,3
90,4
90,6
90,7
91,0
91,1
91,3
91,5
92,0
92,2
92,3
92,5
93,1
93,2
93,4
93,5
94,1
94,2
94,4
95,0
95,1
95,3
95,4
96,0
96,2
96,3
96,5
97,0
97,2
97,3
97,5
99,1
99,2
99,4
99,5
100,0
100,2
100,3
100,5
103,0
103,2
103,4
105,0
105,2
105,3
107,0
107,1
107,3
107,5
109,0
109,2
109,3
109,5
111,1
111,2
111,4
113,0
113,2
113,3
115,0
115,2
115,3
117,0
117,1
117,3
119,0
119,1
119,3
119,4
121,1
121,2
121,4
123,1
123,2
123,4
123,5
124,1
124,3
124,4
124,6
128,0
128,2
128,3
128,5
133,1
133,2
133,4
133,5
134,0
134,2
134,3
134,5
134,6
135,0
135,2
135,3
135,5
135,6
137,0
137,1
137,3
137,5
138,0
138,2
138,3
138,5
143,1
143,2
143,4
143,5
144,1
144,2
144,4
147,0
147,1
147,3
147,4
147,6
148,0
148,1
148,3
148,4
148,6
148,7
149,1
149,3
149,4
151,0
151,1
151,3
151,5
151,6
151,8
153,0
153,2
153,4
153,5
153,7
153,8
154,1
154,2
154,4
154,6
154,7
155,1
155,2
155,4
155,6
159,0
159,2
159,3
159,5
161,0
161,2
161,4
161,5
162,0
162,1
162,3
162,5
162,6
162,8
162,9
163,1
163,2
163,4
163,6
163,7
163,9
163,10
163,12
164,2
165,2
174,1
174,2
174,4
174,5
179,1
179,3
179,4
179,6
184,0
184,2
184,4
184,5
188,1
188,2
188,4
188,6
188,7
191,0
191,1
191,3
191,4
192,1
192,3
192,4
196,0
196,1
196,3
197,0
197,1
197,3
197,4
197,6
203,0
203,2
203,4
203,5
205,0
205,1
205,3
206,0
206,1
206,3
206,4
206,6
207,0
207,2
207,4
207,5
208,1
208,2
208,4
208,6
208,7
211,0
211,1
211,3
217,0
217,1
217,3
217,4
224,0
224,1
224,3
225,0
225,1
225,3
225,4
226,0
226,2
226,3
226,5
226,6
227,1
227,2
227,4
227,6
229,0
229,2
229,3
230,1
230,3
230,4
231,0
231,1
231,3
231,4
232,0
232,2
232,3
232,5
236,0
236,2
236,4
238,0
238,2
238,3
238,5
243,1
243,2
243,4
243,5
247,1
247,2
248,0
248,2
248,3
251,1
251,2
252,0
252,2
252,3
252,5
254,0
254,2
254,3
256,1
256,3
256,4
257,1
257,2
257,4
257,6
257,7
259,0
259,1
259,3
259,4
260,0
260,2
260,3
260,5
262,0
262,2
262,4
262,5
264,0
264,1
264,3
265,0
265,2
266,0
266,1
266,3
266,4
268,1
268,3
268,4
269,1
269,2
270,0
270,2
270,3
270,5
270,6
270,8
270,9
270,11
270,13
270,14
272,1
272,2
272,4
274,1
274,2
274,4
274,5
274,7
275,0
275,2
275,4
276,0
276,2
276,3
276,5
276,7
276,8
277,1
277,2
277,4
277,5
279,1
279,3
280,0
280,2
280,3
281,4
281,6
281,7
283,1
283,2
283,4
283,6
283,7
284,1
284,2
284,4
284,5
284,3
284,0
283,5
283,3
283,0
281,5
281,2
280,1
279,2
279,0
277,3
277,0
276,6
276,4
276,1
275,3
275,1
274,6
274,3
274,0
272,3
272,0
270,12
270,10
270,7
270,4
270,1
269,3
269,0
268,2
268,0
266,2
265,3
265,1
264,2
262,6
262,3
262,1
260,4
260,1
259,5
259,2
257,8
257,5
257,3
257,0
256,2
256,0
254,1
252,4
252,1
251,3
251,0
248,1
247,3
247,0
243,3
243,0
238,4
238,1
236,3
236,1
232,4
232,1
231,5
231,2
230,5
230,2
230,0
229,1
227,5
227,3
227,0
226,4
226,1
225,5
225,2
224,4
224,2
217,5
217,2
211,4
211,2
208,8
208,5
208,3
208,0
207,3
207,1
206,5
206,2
205,4
205,2
203,6
203,3
203,1
197,5
197,2
196,4
196,2
192,5
192,2
192,0
191,2
188,8
188,5
188,3
188,0
184,3
184,1
179,5
179,2
179,0
174,3
174,0
163,13
163,11
163,8
163,5
163,3
163,0
162,7
162,4
162,2
161,6
161,3
161,1
159,4
159,1
155,5
155,3
155,0
154,5
154,3
154,0
153,6
153,3
153,1
151,7
151,4
151,2
149,5
149,2
149,0
148,5
148,2
147,7
147,5
147,2
144,5
144,3
144,0
143,3
143,0
138,4
138,1
137,4
137,2
135,7
135,4
135,1
134,7
134,4
134,1
133,6
133,3
133,0
128,4
128,1
124,5
124,2
124,0
123,3
123,0
121,3
121,0
119,2
117,4
117,2
115,4
115,1
113,4
113,1
111,3
111,0
109,4
109,1
107,4
107,2
105,4
105,1
103,3
103,1
100,4
100,1
99,6
99,3
99,0
97,4
97,1
96,4
96,1
95,5
95,2
94,5
94,3
94,0
93,3
93,0
92,4
92,1
91,4
91,2
90,8
90,5
90,2
90,0
84,5
84,2
84,0
81,4
81,1
79,5
79,2
74,7
74,4
74,2
71,5
71,2
71,0
70,3
70,0
69,3
69,1
68,4
68,1
67,6
67,3
67,0
65,3
65,1
60,4
60,1
59,5
59,2
58,6
0,406
0,276
0,414
0,275
0,372
0,274
0,412
0,273
0,411
0,272
0,344
0,271
0,408
0,270
0,399
0,269
0,339
0,268
0,359
0,267
0,404
0,266
0,442
0,265
0,338
0,264
0,401
0,263
0,396
0,262
0,337
0,261
0,398
0,260
0,391
0,259
0,394
0,258
0,257
0,392
0,256
0,388
0,255
0,355
0,254
0,430
0,253
0,440
0,252
0,356
0,251
0,386
0,250
0,249
0,384
0,248
0,387
0,247
0,382
0,246
0,381
0,245
0,380
0,244
0,420
0,242
0,413
0,241
0,377
0,240
0,353
0,239
0,238
0,374
0,237
0,422
0,236
0,389
0,235
0,371
0,234
0,301
0,233
0,370
0,232
0,373
0,231
0,341
0,230
0,369
0,229
0,331
0,228
0,367
0,227
0,226
0,397
0,225
0,224
0,333
0,223
0,328
0,222
0,358
0,221
0,357
0,220
0,447
0,219
0,351
0,218
0,332
0,217
0,366
0,216
0,346
0,215
0,444
0,214
0,364
0,213
0,379
0,212
0,443
0,211
0,327
0,210
0,431
0,209
0,419
0,208
0,368
0,207
0,409
0,206
0,320
0,205
0,329
0,204
0,350
0,203
0,360
0,202
0,342
0,201
0,324
0,200
0,336
0,199
0,335
0,198
0,334
0,197
0,433
0,196
0,326
0,195
0,418
0,194
0,330
0,193
0,343
0,192
0,446
0,63
0,347
0,62
0,340
0,61
0,325
0,60
0,417
0,59
0,352
0,58
0,321
0,57
0,56
0,319
0,55
0,54
0,428
0,53
0,52
0,385
0,51
0,314
0,50
0,313
0,49
0,312
0,48
0,323
0,47
0,311
0,46
0,306
0,45
0,376
0,6
0,5
0,1
0,400
0,11
0,4
0,2
0,3
0,7
